---
version: 2
money:
  khoikage1: 864123.540000
  dinhbap: 96400340.820000
  zepvp: 1000
  kingoflmao2380: 280263.210000
  khanhchaphetvn: 215764.650000
  carochien: 1125135.720000
  jose9543: 30403268.600000
  kayos18126: 2271.840000
  lettihl: 121520.000000
  apkkurotv: 635003.110000
  kaijma2007: 146500.000000
  datsiudz: 17809806.870000
  dbgamingvn2: 9276167.550000
  teoai911: 3018842.250000
  viethung9204: 35723404.790000
  zzremovezz: 3748878.930000
  minhtrnggem: 56857652.790000
  offsetasp489038: 1485734.580000
  nutavn: 115338.500000
  forbidpoem2799: 1000.000000
  bip8333: 305782.940000
  bronzyferret244: 0.000000
  kynvn1234: 889562.150000
  buzzingash80644: 4.130000
  tuongvu2007: 168012.000000
  sangking777: 30701509.350000
  tumina123: 128000.000000
  tioncuteee: 1000
  fossilmovie8981: 1000
  ngocmaihp: 10584972.530000
  vinha6ntt: 78097521.440000
  nhanaz: 975.000000
  itzmatsterzz: 16441440.240000
  fik98oo: 1000
  thaiday123: 10802386.120000
  phukute35: 1055.510000
  sucvathoc: 1362966.550000
  peakredline99: 343916.810000
  tungvnnoob: 60589.280000
  taizaxua5652: 51330.690000
  zxkillerxz1753: 127000.000000
  dazaiosamu12333: 5746926.230000
  hreinas: 75121191.400000
  bechanh1635: 254920.230000
  hungfa69: 1011.000000
  kingknightvn: 39364.220000
  duynofriend: 393880.000000
  sheaz2101: 172014.920000
  alarmedatol5816: 100112.700000
  amonjjus: 1000
  lgb2006: 7622124.610000
  tinhgreenvn: 89223.280000
  duyvn3691: 1000
  sageglitter473: 516619.550000
  iamvinh5400: 108558.290000
  deathswar79: 69622913.540000
  linar2635: 79305.940000
  meongo: 15723.370000
  baobao5167: 1000
  benmapdit77: 84197.960000
  xd plays9395: 84926.350000
  kemtm: 118878.450000
  jack2641: 2000.000000
  vietcrisaz: 3685749.730000
  kickredermcvn: 179440.570000
  nasus1000q1844: 100667.440000
  rexvn24: 1000
  magneticrain748: 1000
  rathmeowgay: 3268.910000
  mrdane07: 708205.500000
  battlebrine24: 3770.000000
  tranng176: 5000.000000
  hbest3721: 81000.000000
  vothan091: 100800.000000
  khatrieu2712: 642677.180000
  datnogaming: 1000
  naruto826838: 1000
  cleversine52499: 1000
  idolbminh: 1000
  soicon1502: 1000
  binhdepgai: 580602.670000
  phuongaz: 1000
  ngheo6032: 84833.800000
  everybodysevery: 1208000.000000
  unearnedlime34: 2147.970000
  dimplyplate9452: 1000
  ducnopro2712: 101000.000000
  vjp pr0: 1000
  waterne7261: 102289.820000
  boyce1995: 7000.000000
  nguyendongquy2i: 1000
  quoclam277: 83878.380000
  luuvn: 202276.400000
  anhnghok: 42832504.120000
  oren4845: 1000
  ductoan123: 1000
  ditconmemay0411: 119712.010000
  speedieryak4029: 9323.170000
  dcmhunglon: 1000
  shbdbd: 5066338.820000
  bingamine: 111795.730000
  bom fake: 2000.000000
  nobigaming07: 7631.300000
  haitieuphu9423: 1000
  theherono123: 1448.390000
  sixkoala8019590: 1000
  puckvn: 1000
  streamerpro: 1705.690000
  tuideptraiii: 1000
  lanng03: 96000.000000
  kotorireal: 2233.920000
  sengaotv: 358150.900000
  khanghoangdz: 10970310.000000
  rapidestash5795: 1000
  hungxoasv: 1000
  outwither boy: 12390.890000
  aboutrocket6107: 1000
  sealonggaming: 4000.000000
  cuongplayyer: 1000
  visedmink584354: 931182.760000
  mapneee: 125221166.610000
  haitieuphu: 1000
  cunvipvcl: 1042183.060000
  zztrig: 1000
  panhbao: 201000.000000
  monsieurhac: 692508.020000
  max10058648: 73635.700000
  sappyplanet1400: 13402453.040000
  ngmkhang: 7000.000000
  entityn2067: 57019.570000
  haorz123: 2000.000000
  vanh6666: 1000
  phau7287936: 1000
  toytenduong: 1000
  montersfood: 3595989.580000
  hoangtran26: 6574.520000
  banhmi deeeee: 1000
  tranminhpro2630: 1000
  cdanh0206: 1000
  khanhuwu3200: 101135.800000
  romnopro: 1000
  kingoros3599: 105654.940000
  kabuto29992: 2000.000000
  jesnaes1: 1000
  geox c3: 8326.230000
  focusedbirch228: 10276.990000
  vg4803: 2000.000000
...
