---
Carochien: 88.000000
Jose9543: 296.000000
APKKuroTV: 204.000000
Datsiudz: 169.000000
KingOfLmao2380: 332.500000
dbgamingvn2: 82.500000
teoai911: 11.500000
Viethung9204: 111.500000
khoikage1: 155.000000
ZzremovezZ: 27.000000
MinhTrnggem: 155.000000
OffsetAsp489038: 2.000000
NuTaVN: 2.500000
ForbidPoem2799: 44.000000
Bip8333: 12.500000
BronzyFerret244: 3.000000
Kynvn1234: 71.500000
BuzzingAsh80644: 501.000000
tuongvu2007: 25.000000
Sangking777: 112.000000
Tumina123: 3.500000
TionCuteee: 1.500000
FossilMovie8981: 2.000000
LetTIHL: 130.500000
DinhBap: 14.500000
NgocMaiHp: 0
VinhA6NTT: 525.000000
NhanAZ: 6.000000
ItzMatsterZz: 113.500000
Fik98Oo: 4.500000
Thaiday123: 244.500000
phukute35: 1.500000
Sucvathoc: 22.500000
PeakRedLine99: 0
TungVnNoob: 3.000000
Taizaxua5652: 31.500000
KingknightVN: 294.500000
Meussann: 1
tinhgreenvn: 25.000000
Cailolmamay: 5.500000
ZxKillerxZ1753: 24.500000
DazaiOsamu12333: 98.500000
Hreinas: 15.000000
BeChanh1635: 11.500000
Kaijma2007: 158.500000
Hungfa69: 4.500000
Duynofriend: 26.000000
SheaZ2101: 300.000000
AlarmedAtol5816: 47.000000
Amonjjus: 1
LGB2006: 234.500000
DuyVn3691: 9.500000
SageGlitter473: 17.000000
IamVinh5400: 69.500000
DeathSwar79: 93.500000
Linar2635: 29.000000
Meongo: 6.000000
Baobao5167: 1
Benmapdit77: 3.000000
XD Plays9395: 26.000000
KemTM: 74.000000
Jack2641: 1.500000
VietCrisaz: 5.000000
KickrederMCVN: 55.500000
Nasus1000Q1844: 0
RexVn24: 51.500000
MagneticRain748: 2.000000
RathMeowGay: 2.000000
MrDane07: 5.500000
Battlebrine24: 95.500000
TrAnNg176: 15.000000
HBesT3721: 5.500000
VoThan091: 6.500000
KhaTrieu2712: 19.000000
Datnogaming: 2.000000
idolbminh: 2.000000
Soicon1502: 57.000000
Binhdepgai: 0
phuongaz: 5.000000
Ngheo6032: 640.000000
EverybodysEvery: 51.000000
UnearnedLime34: 10.500000
DimplyPlate9452: 1
DucNoPro2712: 5.000000
Khanhchaphetvn: 3.000000
vjp pr0: 5.000000
WaterNe7261: 3.000000
Boyce1995: 2.500000
NguyenDongQuy2I: 8.000000
Quoclam277: 99.500000
LuuVN: 3.000000
AnhNghok: 10.000000
Oren4845: 5.000000
ductoan123: 1
ditconmemay0411: 23.000000
SpeedierYak4029: 7.500000
Dcmhunglon: 2.000000
shbdbd: 137.000000
BinGamine: 4.500000
Bom Fake: 1.500000
NobiGaming07: 1
SixKoala8019590: 1.500000
PuckVN: 1
streamerpro: 4.000000
TuiDepTraiii: 1
LanNg03: 112.500000
kotorireal: 61.500000
SenGaoTV: 3.000000
KhangHoangDZ: 121.000000
RapidestAsh5795: 1.500000
HungXoaSv: 1
Outwither boy: 84.000000
AboutRocket6107: 2.500000
SeaLonggaming: 1.500000
Cuongplayyer: 6.000000
VisedMink584354: 279.500000
MapNeee: 117.000000
HaiTieuPhu: 2.500000
cunvipvcl: 99.500000
ZzTrig: 15.500000
panhbao: 6.500000
MonsieurHac: 145.000000
MAX10058648: 15.500000
SappyPlanet1400: 180.500000
NgMKhang: 38.000000
EntityN2067: 48.500000
haorz123: 4.500000
Vanh6666: 1
Phau7287936: 25.500000
ToyTenDuong: 8.500000
MonTersfood: 45.500000
Hoangtran26: 9.500000
banhmi Deeeee: 7.000000
Tranminhpro2630: 1.500000
CDanh0206: 4.000000
Khanhuwu3200: 3.000000
RomNoPro: 2.000000
Kingoros3599: 0
Kabuto29992: 1.500000
Jesnaes1: 1
FocusedBirch228: 4.500000
VG4803: 4.000000
Geox c3: 38.500000
...
