---
nether:
  x: -29
  "y": 27
  z: -8
  x2: -29
  y2: 28
  z2: -6
  level: world
  dx: 265.756200
  dy: 53
  dz: 260.295100
  dlevel: nether_pe
the_end:
  x: 25
  "y": 10
  z: 0
  x2: 32
  y2: 10
  z2: 7
  level: world
  dx: 384
  dy: 60
  dz: 426
  dlevel: the_end
"th\xE2ni":
  x: 255
  "y": 64
  z: 236
  x2: 260
  y2: 64
  z2: 241
  level: sb
  dx: 88.635200
  dy: 67
  dz: 88.675500
  dlevel: ai
friend:
  x: 104
  "y": 66
  z: -133
  x2: 112
  y2: 66
  z2: -124
  level: ai
  dx: -2.448100
  dy: 103.001000
  dz: -10.158900
  dlevel: Auftrag_Lurco
...
