---
mc.minegames.ru - mini mg lobby:
  X: 0.530800
  "Y": 64.000000
  Z: 0.400200
  Yaw: 89.749359
  Pitch: 25.026794
world:
  X: 2.731800
  "Y": 30.000000
  Z: -131.778000
  Yaw: 14.105301
  Pitch: 7.876053
...
