---
LetTIHL: 6.000000
Kaysil666: 2.500000
ZxKillerxZ1753: 131.500000
Ngocvnendthe: 182.500000
Dioo6647: 24.500000
KickrederMCVN: 0
PhoPhuc: 1
HuyVN7440: 21.000000
Tumina123: 25.000000
JackTHNGaming41: 6.500000
Thaisdeeptry: 2.000000
Khanghoang2706: 2.000000
HYOminer: 43.000000
xXXXXnoobbXXXXx: 0
NuTaVN: 28.000000
idolbminh: 1
ThaiLV2020: 1
CoolOdin3543605: 1
Truo2213: 50.000000
DoraGamerMC12: 2.000000
Lunox73671Q: 6.000000
KhangYeg: 1
Thanhviet2k7: 13.000000
FiveOrca6406936: 2.000000
HKYT19: 13.000000
MingledThread41: 68.000000
matchatimopro: 1
MrDane07: 103.000000
Cacutexiu: 1
haitranxx: 1
NoobPvP2k3: 1
LoveYuri304: 1
Vu7463: 1
heopopic: 1
TuanWang9603: 1
...
