---
LetTIHL: 20
DinhBap: 14.000000
Datsiudz: 6.000000
khoikage1: 20
ZePvP: 4.000000
KingOfLmao2380: 17.000000
Khanhchaphetvn: 12.000000
Carochien: 23
Jose9543: 27
Kayos18126: 16.000000
APKKuroTV: 13.600000
Kaijma2007: 20
dbgamingvn2: 20
teoai911: 11.000000
Viethung9204: 58
ZzremovezZ: 11.376000
MinhTrnggem: 38.648000
OffsetAsp489038: 18.000000
NuTaVN: 20
ForbidPoem2799: 9.000000
Bip8333: 3.000000
BronzyFerret244: 6.000000
Kynvn1234: 17.000000
BuzzingAsh80644: 33.000000
tuongvu2007: 20
Sangking777: 14.000000
Tumina123: 13.000000
TionCuteee: 20
FossilMovie8981: 5.000000
NgocMaiHp: 20
VinhA6NTT: 98
NhanAZ: 20
ItzMatsterZz: 23
Fik98Oo: 20
Thaiday123: 10.000000
phukute35: 20
Sucvathoc: 4.000000
PeakRedLine99: 20
TungVnNoob: 7.000000
Taizaxua5652: 17.000000
KingknightVN: 27
Meussann: 20
tinhgreenvn: 19.000000
Cailolmamay: 2.000000
ZxKillerxZ1753: 20
DazaiOsamu12333: 36
Hreinas: 16.000000
BeChanh1635: 15.160000
Hungfa69: 3.000000
Duynofriend: 14.000000
SheaZ2101: 54.000000
AlarmedAtol5816: 20
Amonjjus: 20
LGB2006: 13.892800
DuyVn3691: 7.000000
SageGlitter473: 20
IamVinh5400: 14.000000
DeathSwar79: 8.000000
Linar2635: 12.000000
Meongo: 20
Baobao5167: 20
Benmapdit77: 20
XD Plays9395: 20
KemTM: 17.000000
Jack2641: 20
VietCrisaz: 20
KickrederMCVN: 20
Nasus1000Q1844: 9.080000
RexVn24: 6.000000
MagneticRain748: 7.000000
RathMeowGay: 20
MrDane07: 19.000000
Battlebrine24: 12.000000
TrAnNg176: 20
HBesT3721: 11.000000
VoThan091: 1.000000
KhaTrieu2712: 11.000000
Datnogaming: 11.000000
Naruto826838: 20
CleverSine52499: 20
idolbminh: 4.000000
Soicon1502: 5.000000
Binhdepgai: 17.000000
phuongaz: 18.000000
Ngheo6032: 20
EverybodysEvery: 17.920000
UnearnedLime34: 20
DimplyPlate9452: 2.000000
DucNoPro2712: 20
vjp pr0: 20
WaterNe7261: 20
Boyce1995: 20
NguyenDongQuy2I: 4.000000
Quoclam277: 6.200000
LuuVN: 20
AnhNghok: 20
Oren4845: 20
ductoan123: 12.000000
ditconmemay0411: 20
SpeedierYak4029: 1.000000
Dcmhunglon: 20
shbdbd: 19.000000
BinGamine: 20
Bom Fake: 3.000000
NobiGaming07: 12.000000
HaiTieuPhu9423: 20
Theherono123: 20
SixKoala8019590: 20
PuckVN: 20
streamerpro: 12.000000
TuiDepTraiii: 20
LanNg03: 1.000000
kotorireal: 1.000000
SenGaoTV: 20
KhangHoangDZ: 11.000000
RapidestAsh5795: 4.000000
HungXoaSv: 18.000000
Outwither boy: 20
AboutRocket6107: 11.000000
SeaLonggaming: 20
Cuongplayyer: 20
VisedMink584354: 12.080000
MapNeee: 7.200000
HaiTieuPhu: 20
cunvipvcl: 20
ZzTrig: 13.000000
panhbao: 20
MonsieurHac: 8.000000
MAX10058648: 20
SappyPlanet1400: 4.000000
NgMKhang: 20
EntityN2067: 4.000000
haorz123: 12.000000
Vanh6666: 10.000000
Phau7287936: 20
ToyTenDuong: 11.000000
MonTersfood: 7.000000
Hoangtran26: 19.400000
banhmi Deeeee: 20
Tranminhpro2630: 20
CDanh0206: 7.000000
Khanhuwu3200: 20
RomNoPro: 12.000000
Kingoros3599: 11.000000
Kabuto29992: 20
Jesnaes1: 10.000000
FocusedBirch228: 20
VG4803: 20
Geox c3: 3.280000
...
