---
LetTIHL: 0
DinhBap: 177064879.000000
Datsiudz: 136095.700000
khoikage1: 30674.750000
ZePvP: 0
KingOfLmao2380: 58101.000000
Khanhchaphetvn: 2539.250000
Carochien: 49569.500000
Jose9543: 59533.450000
Kayos18126: 1259.250000
APKKuroTV: 1732.950000
Kaijma2007: 0
dbgamingvn2: 835.200000
teoai911: 8607.250000
Viethung9204: 136538069.700000
ZzremovezZ: 86130.700000
MinhTrnggem: 38743.000000
OffsetAsp489038: 39454.000000
NuTaVN: 2731.200000
ForbidPoem2799: 0
Bip8333: 15242.950000
BronzyFerret244: 0
Kynvn1234: 11850.450000
BuzzingAsh80644: 233045.100000
tuongvu2007: 0
Sangking777: 6645.700000
Tumina123: 0
TionCuteee: 0
FossilMovie8981: 0
NgocMaiHp: 9746.250000
VinhA6NTT: 4552.500000
NhanAZ: 0
ItzMatsterZz: 40030.200000
Fik98Oo: 0
Thaiday123: 69412.700000
phukute35: 54.950000
Sucvathoc: 93817.750000
PeakRedLine99: 2615.700000
TungVnNoob: 583.450000
Taizaxua5652: 921.450000
KingknightVN: 59981.750000
Meussann: 0
tinhgreenvn: 5783.950000
Cailolmamay: 0
ZxKillerxZ1753: 0
DazaiOsamu12333: 192560.200000
Hreinas: 3669.700000
BeChanh1635: 10512.950000
Hungfa69: 0
Duynofriend: 0
SheaZ2101: 52756.700000
AlarmedAtol5816: 14748.500000
Amonjjus: 0
LGB2006: 185289.850000
DuyVn3691: 0
SageGlitter473: 13139.250000
IamVinh5400: 0
DeathSwar79: 57710.450000
Linar2635: 11924.950000
Meongo: 5666.700000
Baobao5167: 0
Benmapdit77: 2176.200000
XD Plays9395: 1907.250000
KemTM: 145
Jack2641: 0
VietCrisaz: 15748.000000
KickrederMCVN: 6376.200000
Nasus1000Q1844: 84350.250000
RexVn24: 0
MagneticRain748: 0
RathMeowGay: 2246.450000
MrDane07: 8547.250000
Battlebrine24: 0
TrAnNg176: 0
HBesT3721: 0
VoThan091: 0
KhaTrieu2712: 52551.000000
Datnogaming: 0
Naruto826838: 0
CleverSine52499: 0
idolbminh: 0
Soicon1502: 0
Binhdepgai: 7934.450000
phuongaz: 0
Ngheo6032: 645.000000
EverybodysEvery: 0
UnearnedLime34: 146.500000
DimplyPlate9452: 0
DucNoPro2712: 0
vjp pr0: 0
WaterNe7261: 286.950000
Boyce1995: 0
NguyenDongQuy2I: 0
Quoclam277: 7718.500000
LuuVN: 1263.750000
AnhNghok: 3964.200000
Oren4845: 0
ductoan123: 0
ditconmemay0411: 7663.450000
SpeedierYak4029: 4329.500000
Dcmhunglon: 0
shbdbd: 1887.200000
BinGamine: 6728.450000
Bom Fake: 0
NobiGaming07: 4585.450000
HaiTieuPhu9423: 0
Theherono123: 443.950000
SixKoala8019590: 0
PuckVN: 0
streamerpro: 698.700000
TuiDepTraiii: 0
LanNg03: 0
kotorireal: 2267.250000
SenGaoTV: 12653.950000
KhangHoangDZ: 0
RapidestAsh5795: 0
HungXoaSv: 0
Outwither boy: 7317.700000
AboutRocket6107: 0
SeaLonggaming: 0
Cuongplayyer: 0
VisedMink584354: 36752.200000
MapNeee: 389258.450000
HaiTieuPhu: 0
cunvipvcl: 48491.250000
ZzTrig: 0
panhbao: 0
MonsieurHac: 29629.700000
MAX10058648: 14756.700000
SappyPlanet1400: 77910.200000
NgMKhang: 0
EntityN2067: 7319.200000
haorz123: 0
Vanh6666: 0
Phau7287936: 0
ToyTenDuong: 0
MonTersfood: 34781.000000
Hoangtran26: 349.250000
banhmi Deeeee: 0
Tranminhpro2630: 0
CDanh0206: 0
Khanhuwu3200: 134.450000
RomNoPro: 0
Kingoros3599: 7212.700000
Kabuto29992: 0
Jesnaes1: 0
FocusedBirch228: 6313.700000
VG4803: 0
Geox c3: 2303.200000
...
